1.0 0.029338809860260957 0.9208483748930809 0.049812815246658460.0 0.9685391590095838 0.020160780236724327 0.0113000607536919781.0 0.029476339521678076 0.9216092642418849 0.048914396236436870.0 0.9627178674942893 0.024787798541754204 0.0124943339639563260.0 0.9554526539168294 0.030103597979722316 0.0144437481034483590.0 0.9481510863391106 0.0357579604864231 0.0160909531744662620.0 0.9332879812568974 0.04909407140512697 0.0176179473379756250.0 0.941911854033754 0.04039353824660758 0.0176946077196383330.0 0.9633204976308508 0.024304760179995725 0.0123747421891533491.0 0.03690572361013832 0.8999413819595884 0.06315289443027310.0 0.8252175941436085 0.13410726055429842 0.040675145302093190.0 0.9617814646313897 0.025347174664373476 0.0128713607042366330.0 0.9517068052079775 0.030153145140031236 0.018140049651991430.0 0.9479508777427902 0.03597892308727333 0.0160701991699365930.0 0.9658827647508539 0.022143897255089005 0.0119733379940570820.0 0.9459632069248255 0.037505107064519434 0.0165316860106552060.0 0.953654059583731 0.03142665667389505 0.014919283742374022.0 0.031718174353599825 0.0705300998986763 0.8977517257477240.0 0.9477063074999401 0.03613340397386698 0.0161602885261930420.0 0.9628477214812617 0.02416729366249274 0.0129849848562453051.0 0.030802673819879712 0.9168550706587617 0.052342255521358840.0 0.959159129539577 0.026765072479663442 0.014075797980759522.0 0.031041200676735447 0.06260844269552229 0.90635035662774230.0 0.948902846484874 0.0350412546725286 0.016055898842597360.0 0.9479761940115328 0.03592756125558049 0.0160962447328867431.0 0.02970185326324713 0.9218753485625281 0.04842279817422490.0 0.946875922249709 0.03673321571860388 0.0163908620316873842.0 0.03439454756892404 0.059377145127533906 0.90622830730354191.0 0.03164628203700682 0.9151692497688553 0.053184468194137610.0 0.9548771505802118 0.030564071390670577 0.0145587780291176960.0 0.9693588887337613 0.019289849732361246 0.0113512615338773672.0 0.03107629154729211 0.06911992144145235 0.89980378701125551.0 0.02868902715492678 0.9249739571764015 0.0463370156686717242.0 0.031071102982424215 0.06309939617819187 0.90582950083938381.0 0.05126784984976773 0.023698529836596063 0.92503362031363620.0 0.9474699020689662 0.036351687986614575 0.0161784099444191241.0 0.029813041518231453 0.9221085940843206 0.0480783643974481150.0 0.9526692638770905 0.03217818041048361 0.0151525557124257662.0 0.9075944110461133 0.01962109157891717 0.072784497374969670.0 0.9655488598677715 0.022386399448210557 0.0120647406840177150.0 0.9583444048063612 0.02775573566341309 0.0138998595302257790.0 0.9602225931803454 0.02685038516520582 0.0129270216544488550.0 0.958468648873925 0.027922282405736278 0.0136090687203386592.0 0.030957751013672964 0.06218459251180564 0.90685765647452152.0 0.031502830499805734 0.06316694640394892 0.90533022309624540.0 0.9684719712422346 0.019686066186711197 0.0118419625710541390.0 0.9465022002405311 0.02443284708143446 0.029064952678034642.0 0.04399312475730091 0.06576564128108058 0.89024123396161852.0 0.036771950467643956 0.06619588036477285 0.8970321691675830.0 0.9661770492057471 0.021527158811760056 0.0122957919824930182.0 0.028973638220277053 0.06223556310274451 0.90879079867697842.0 0.031009335793150312 0.06517288409676149 0.90381778011008811.0 0.05422857134488574 0.8261690068925586 0.119602421762555822.0 0.030058251507864897 0.06507537887663573 0.90486636961549932.0 0.03227931581736271 0.06382391520015528 0.9038967689824820.0 0.95815538795296 0.025944105089285695 0.0159005069577542040.0 0.9612463897379194 0.025580957608763673 0.0131726526533170192.0 0.5167303708321181 0.03598354579024732 0.44728608337763451.0 0.03013531495524916 0.9209397859173206 0.04892489912743020.0 0.6732738134963511 0.27307134912931774 0.053654837374331351.0 0.041597483664047516 0.8894155753383483 0.068986940997604322.0 0.07297995878853872 0.045639270193804544 0.88138077101765681.0 0.04184601407903694 0.8878638336558846 0.070290152265078412.0 0.030610917627010726 0.06540928922119597 0.90397979315179330.0 0.9719451928213843 0.017048115967155338 0.0110066912114602562.0 0.03176655122206194 0.07392123980178962 0.89431220897614850.0 0.9547841621384512 0.03056103618753348 0.0146548016740154740.0 0.9584910628930831 0.02783705929742887 0.0136718778094880260.0 0.9588294943740466 0.02751323876961143 0.0136572668563420120.0 0.9331524343931248 0.049212117704161486 0.017635447902713842.0 0.03167938998652874 0.0756579718269503 0.8926626381865210.0 0.9670823008368833 0.021303709950524514 0.0116139892125921572.0 0.0310279755931436 0.0648293826774417 0.90414264172941470.0 0.9449771824723846 0.038190481943929835 0.0168323355836856632.0 0.028637798027884187 0.056536246998593664 0.91482595497352231.0 0.029968392292666433 0.9184611202763182 0.05157048743101551.0 0.05401314368543446 0.8587169059941229 0.087269950320442840.0 0.9564912909411419 0.029415510947693044 0.0140931981111651511.0 0.028818112105630928 0.9246698954389121 0.0465119924554571.0 0.029524298340859692 0.9215677248360158 0.0489079768231244150.0 0.9529284332122081 0.030323439668217978 0.0167481271195739882.0 0.04334313113327666 0.4252426651059789 0.53141420376074432.0 0.031101681776341872 0.07325245470776652 0.89564586351589160.0 0.9302964180739308 0.04923618113120125 0.0204674007948678872.0 0.03197985017182294 0.077584313850902 0.89043583597727490.0 0.9565968272384182 0.02843436360138244 0.014968809160199420.0 0.9572669227939375 0.02926760139200983 0.0134654758140527452.0 0.030236108015371004 0.06402378882491226 0.90574010315971681.0 0.9720550911897717 0.01692222007952431 0.0110226887307041460.0 0.9343144211244098 0.04544688048594293 0.0202386983896472650.0 0.9655455400784185 0.022265524160893543 0.012188935760687942.0 0.03000744149242083 0.05726174217237263 0.91273081633520642.0 0.029703192512267943 0.06289784416891216 0.90739896331882010.0 0.9605555980161401 0.026209024967324336 0.0132353770165357122.0 0.035260040462587405 0.06257342337678208 0.90216653616063052.0 0.03127000906998099 0.06457931414099687 0.90415067678902212.0 0.03034340866397857 0.05768522244038287 0.91197136889563820.0 0.9434545100405316 0.03935105285506478 0.0171944371044035070.0 0.9578419633098979 0.028255530786991653 0.0139025059031105940.0 0.9612038002219483 0.025532038532136012 0.0132641612459156390.0 0.6729412979363438 0.2717893587424033 0.0552693433212526550.0 0.7316182153008522 0.21741534970453757 0.050966434994610390.0 0.9658016867302986 0.022181926801453946 0.0120163864682473372.0 0.06183867773130939 0.06534235528898857 0.87281896697970210.0 0.9677490332769807 0.02075599055110673 0.0114949761719124480.0 0.9561206555525928 0.029229200140542085 0.014650144306865380.0 0.9617651425468866 0.024511031382798937 0.0137238260703146082.0 0.031043815520358477 0.06334882359552065 0.9056073608841212.0 0.2058434193180602 0.03279343456972172 0.76136314611221822.0 0.030309104762525924 0.0644768153972038 0.90521407984027050.0 0.9422613859748353 0.040393982859261365 0.017344631165903191.0 0.05106742736646981 0.8657028197004404 0.083229752933090070.0 0.9592107024452158 0.0276781881498581 0.0131111094049261271.0 0.02881560455091788 0.9228708483895953 0.0483135470594867062.0 0.03285442049809714 0.060683011336722326 0.90646256816518070.0 0.9624893306279325 0.02497755821915194 0.0125331111529154420.0 0.9567214867917205 0.029157910751144964 0.0141206024571343891.0 0.047516579288502996 0.8741816454268789 0.078301775284617941.0 0.030828624672711507 0.9168143465090685 0.052357028818220182.0 0.02959458124331617 0.06415044411908784 0.90625497463759612.0 0.05355697354990265 0.05852039219702076 0.88792263425307660.0 0.9611342304788316 0.026012202843863307 0.012853566677304961.0 0.028844944569550324 0.9243891880141316 0.046765867416318041.0 0.028583805528077235 0.923137936993319 0.0482782574786039050.0 0.9593262161289198 0.0269300453235874 0.0137437385474927110.0 0.9609402103522888 0.025220637801996765 0.0138391518457145050.0 0.9503932069978382 0.034057742983270044 0.0155490500188916922.0 0.029627536976624822 0.06385062441555062 0.90652183860782452.0 0.031040820101933264 0.06008612700798819 0.90887305289007872.0 0.03064692485699944 0.0630210876541178 0.90633198748888280.0 0.9490495613318493 0.035071338881098514 0.0158790997870522570.0 0.9525630178422999 0.03232497773025395 0.0151120044274463042.0 0.03155425035397605 0.07734475411869342 0.89110099552733050.0 0.9705898735713752 0.018455507730269695 0.0109546186983552050.0 0.9474597461729951 0.03622849753707944 0.016311756289925611.0 0.02936435244029553 0.9231473979248388 0.047488249634865870.0 0.961490381162327 0.02522263231089648 0.0132869865267764392.0 0.031597360390402555 0.06181313910727333 0.90658950050232422.0 0.030782754213517248 0.06125271889131241 0.90796452689517032.0 0.05948890192797713 0.04976127416896629 0.89074982390305651.0 0.048701516722272374 0.02778160953055169 0.9235168737471760.0 0.951010031127337 0.03162123866591334 0.0173687302067495471.0 0.039252701482197006 0.9293928463063499 0.0313544522114534150.0 0.9624687844868012 0.024401210388916333 0.0131300051242823572.0 0.03001669449297398 0.06740873482668372 0.90257457068034210.0 0.958059013445784 0.027198357976406764 0.0147426285778094450.0 0.8994587194430241 0.031327659749150534 0.069213620807825251.0 0.02920306531748821 0.9213561529822887 0.0494407817002230842.0 0.031121195848401506 0.06607400502100948 0.90280479913058922.0 0.23588291274926987 0.039119852649344686 0.72499723460138540.0 0.9544846246432607 0.030870141768196857 0.0146452335885425852.0 0.036839302265737214 0.06074002073269462 0.9024206770015682.0 0.0313153228426944 0.062247724576722764 0.90643695258058290.0 0.9518841978914498 0.032800073693805935 0.0153157284147443440.0 0.8958833764775364 0.07954443790723918 0.0245721856152245832.0 0.030186970004976693 0.06902721241740334 0.90078581757761982.0 0.03117582162266523 0.06300903697806622 0.90581514139926872.0 0.031435789798436885 0.07116567394077498 0.89739853626078792.0 0.0313176437414359 0.06556072256655845 0.90312163369200551.0 0.051678679912348334 0.8642497184381299 0.084071601649521832.0 0.040753036491818044 0.06451956310257899 0.89472740040560340.0 0.9547407432878715 0.031192075939414386 0.0140671807727140552.0 0.030086083458720835 0.06490709760625869 0.90500681893502060.0 0.9549671235090785 0.030596723930677437 0.0144361525602440220.0 0.9481081973463956 0.035527788757969234 0.01636401389563542.0 0.030251094882720854 0.0671621840589063 0.90258672105837282.0 0.05935052661593835 0.05510860699628798 0.88554086638777390.0 0.9609627263170102 0.025889298764291087 0.0131479749186986721.0 0.028651779774090145 0.924952806478882 0.0463954137470278461.0 0.029442105312009942 0.9205890638250867 0.04996883086290360.0 0.9667276613882045 0.021534715565162812 0.0117376230466326932.0 0.030441281650434342 0.11606422420632807 0.85349449414323751.0 0.029402481460851497 0.9209340209069252 0.049663497632223542.0 0.0346847756832985 0.061802759848791806 0.90351246446790982.0 0.03096971958570268 0.06347736041076742 0.905552920003530.0 0.9621910983017792 0.02441976635610345 0.0133891353421171681.0 0.028949884060613645 0.9220351226493976 0.049014993289988622.0 0.030887883333641418 0.07073951018348994 0.89837260648286850.0 0.9570883200865977 0.02841492464010871 0.0144967552732936661.0 0.02842844679349118 0.92559560236434 0.045975950842168990.0 0.9519911694538754 0.03270055860130379 0.0153082719448209072.0 0.03273699625445551 0.06771647193018751 0.89954653181535692.0 0.04075192440086563 0.06947720598610496 0.88977086961302962.0 0.0926534214368506 0.033275371606804896 0.87407120695634472.0 0.029894585913327058 0.06770042205199688 0.90240499203467610.0 0.9599377366924708 0.02690536780630244 0.0131568955012265072.0 0.03189193804009201 0.06417393494894119 0.90393412701096681.0 0.029078172934816328 0.921673243374501 0.049248583690682841.0 0.050890833161762086 0.8661229748322266 0.082986192006011430.0 0.957890898169882 0.027767494587694678 0.014341607242423260.0 0.9559824440929472 0.030251868833768958 0.0137656870732840772.0 0.609223730188374 0.020782922248220436 0.36999334756340552.0 0.029371911830285535 0.05458333769386987 0.91604475047584452.0 0.030536967969119404 0.07100705614233159 0.89845597588854880.0 0.9486361755298607 0.03539223209383782 0.0159715923763015140.0 0.9599371536510155 0.026141398937363784 0.0139214474116208921.0 0.04316571191819447 0.8850118066077785 0.071822481474027031.0 0.0536536488986039 0.8595672214934195 0.086779129607976790.0 0.9603884498285249 0.026250936738249565 0.013360613433225430.0 0.9593413715594319 0.0276550062435495 0.0130036221970184110.0 0.9583577409146582 0.027499473334614936 0.0141427857507268281.0 0.03012177211817867 0.9191183723429205 0.05075985553890082.0 0.08600745061547659 0.08153455794427833 0.83245799144024522.0 0.03132133082883994 0.06201443539246191 0.90666423377869810.0 0.9628689834419552 0.024123150465546618 0.0130078660924980960.0 0.9646970507238953 0.023058367990304994 0.0122445812857995551.0 0.9587148554376081 0.026920471787681748 0.014364672774710240.0 0.1963995940756163 0.025816333631509612 0.77778407229287430.0 0.9694549235209006 0.018903426039903044 0.011641650439196390.0 0.9541722795803107 0.031109146363502285 0.0147185740561871730.0 0.9487069552767458 0.03532083502554429 0.0159722096977101372.0 0.07226926842616156 0.030010850460781485 0.89771988111305710.0 0.9615941397134711 0.02555321956824659 0.0128526407182823181.0 0.028686354838413843 0.9242435083837724 0.047070136777814022.0 0.04466009359254052 0.05945301354531095 0.89588689286214850.0 0.9581256950777274 0.02815072355716121 0.0137235813651114870.0 0.958401111524203 0.026728128090661343 0.0148707603851355590.0 0.9546195546989713 0.030783946229615056 0.0145964990714134762.0 0.03108483614594047 0.0644606458814909 0.90445451797256852.0 0.029798162020106038 0.06480673415671101 0.9053951038231830.0 0.7321599292794402 0.2178716889326555 0.0499683817879043241.0 0.03351052128405598 0.9102515238684326 0.056237954847511311.0 0.029044119980059385 0.9238952991297402 0.047060580890200310.0 0.9405366294021708 0.043133038556024815 0.016330332041804342.0 0.031165040766361136 0.06956479480104251 0.89927016443259632.0 0.03109600315646202 0.0595255238187634 0.90937847302477460.0 0.958487644057048 0.027927849614350207 0.0135845063286016961.0 0.8604113565133646 0.01756416482670574 0.122024478659929640.0 0.9259808220859107 0.05478520464335025 0.0192339732707389780.0 0.957757784098777 0.028847723461498744 0.0133944924397241870.0 0.9465252220660368 0.036988516842904946 0.0164862610910582882.0 0.05816566387290745 0.03887510925494718 0.90295922687214551.0 0.02074558058571167 0.454595164473792 0.52465925494049611.0 0.04136114656754073 0.8890424008604954 0.069596452571963761.0 0.03153147566020209 0.9149858461331437 0.053482678206654080.0 0.9633470042245225 0.02312564659142328 0.0135273491840542832.0 0.04788853608153528 0.06091345803174899 0.89119800588671560.0 0.9488730542904245 0.03493868860029846 0.0161882571092770330.0 0.9544157878417014 0.03088384592956835 0.0147003662287304180.0 0.9606516006117313 0.026565024211858662 0.0127833751764102040.0 0.9627833039269241 0.02467551184888743 0.0125411842241883262.0 0.031452050784560565 0.06007732934071052 0.90847061987472890.0 0.9542287161752031 0.03103079630104312 0.0147404875237537560.0 0.9574425096247227 0.028572315930468443 0.013985174444808931.0 0.041414291844425 0.8889131510837697 0.069672557071805071.0 0.05380075365787619 0.8592191993744396 0.086980046967684472.0 0.031029127472674015 0.06095410049077101 0.90801677203655460.0 0.9624198812735983 0.024886806852414532 0.0126933118739871470.0 0.942416252483856 0.04030393938471668 0.0172798081314273140.0 0.9603294839291137 0.02586082331592749 0.0138096927549589460.0 0.9635162684547423 0.02413385341410225 0.0123498781311554390.0 0.9698833294464174 0.018661735360692145 0.0114549351928904512.0 0.02808683489167958 0.05281885399424357 0.91909431111407672.0 0.03543243438792987 0.0660638313844598 0.89850373422761012.0 0.032301332931324235 0.06343932283617255 0.90425934423250340.0 0.954762033530583 0.030654777343588523 0.0145831891258286040.0 0.96069362506288 0.026072034003828487 0.0132343409332914592.0 0.03140084517719502 0.06665701558442154 0.90194213923838330.0 0.9632103677994687 0.02419550399013962 0.0125941282103917640.0 0.9553896937768798 0.029295841008395624 0.0153144652147245951.0 0.03191662527217109 0.9143318857057361 0.053751489022093080.0 0.9655659264707049 0.022277487694094607 0.0121565858352003491.0 0.029071586769078225 0.9232133012953229 0.047715111935598970.0 0.9639326894096276 0.023553228711178206 0.0125140818791941571.0 0.026728331790375953 0.9348990619779964 0.038372606231627521.0 0.02937047963983073 0.920971297979686 0.049658222380483210.0 0.9646482800221864 0.022285529036539395 0.0130661909412740850.0 0.9506788864715805 0.033821882617171194 0.015499230911248510.0 0.9417921658619002 0.024886640122682737 0.0333211940154169440.0 0.9328180916922827 0.040056566525139836 0.0271253417825777882.0 0.03128814303598421 0.06157935597056515 0.90713250099345071.0 0.051151396362461035 0.8655030942889071 0.083345509348631910.0 0.9722078922168879 0.016845508172643634 0.010946599610468491.0 0.029326937593170503 0.9210589005910855 0.0496141618157438650.0 0.9559907004389135 0.02971035726267001 0.0142989422984164010.0 0.9698343928322257 0.018878808725946432 0.0112867984418278420.0 0.6919976914805943 0.2541228315088746 0.0538794770105310850.0 0.9533921512317038 0.03155887355268188 0.0150489752156142360.0 0.9617396872581382 0.02562866534701436 0.0126316473948472181.0 0.04509843636214443 0.8799940406892358 0.074907522948620030.0 0.9652335104556996 0.02267862263315758 0.0120878669111429222.0 0.030412742489066665 0.06471034530276992 0.90487691220816341.0 0.029864054283261745 0.9196613530394827 0.050474592677255120.0 0.9526613288039302 0.03229475084558188 0.0150439203504879070.0 0.9582289227635047 0.027031289273041725 0.0147397879634535880.0 0.9676243730279422 0.020186460441277993 0.0121891665307797172.0 0.048324490388597326 0.06698190254239088 0.8846936070690120.0 0.9545728312743201 0.030635455546912955 0.0147917131787670481.0 0.06668158133358525 0.04530154288502426 0.88801687578139052.0 0.03095325039216221 0.06390908404693812 0.90513766556089981.0 0.02996222302444321 0.9195451187169817 0.0504926582585754142.0 0.030561881263631876 0.06147319829165861 0.90796492044470940.0 0.9565795296189787 0.029160601075128186 0.0142598693058930312.0 0.07554438401550664 0.047092159014109805 0.87736345697038362.0 0.031467356599941466 0.06266818679748537 0.90586445660257330.0 0.9503977394599754 0.03422559984019784 0.0153766606998268760.0 0.7011893374571961 0.24716310497215613 0.051647557570647952.0 0.03202177191227268 0.06463232999152584 0.90334589809620150.0 0.9448134976668421 0.03823152894022063 0.0169549733929375282.0 0.02947719307584522 0.06202583220686188 0.90849697471729312.0 0.036046683401813155 0.06058312228264421 0.90337019431554270.0 0.9607737264002223 0.026245243967498482 0.0129810296322791632.0 0.030458678432614555 0.061517385716263244 0.90802393585112232.0 0.03001438024720216 0.05562381941985356 0.91436180033294450.0 0.9516230741668265 0.03299862655163921 0.0153782992815342970.0 0.9474382956868079 0.03627720840643929 0.0162844959067529330.0 0.959461920132898 0.02687013324064288 0.0136679466264590060.0 0.9590132480325654 0.027349810280836048 0.013636941686598710.0 0.9597119407895986 0.026196540138661035 0.0140915190717402320.0 0.9490725513496548 0.03512949563112779 0.0157979530192173430.0 0.9582811238503458 0.02803873398349698 0.0136801421661573860.0 0.957206744835232 0.02846926632589862 0.0143239888388693690.0 0.957569029677956 0.02905109054151922 0.0133798797805246942.0 0.044519693052803705 0.06647620466801508 0.88900410227918092.0 0.030138263044977475 0.07053920920018412 0.89932252775483830.0 0.960038184738456 0.026626822467525107 0.0133349927940188611.0 0.029342501976936174 0.9206599707053781 0.04999752731768561.0 0.051601472742860595 0.8644331571578187 0.08396537009932060.0 0.9534463352665258 0.03162901821687465 0.0149246465165994440.0 0.9579860966510434 0.028184089993928612 0.0138298133550280592.0 0.03100868203433382 0.06988422978391431 0.89910708818175190.0 0.9620883642947942 0.023775681720634025 0.01413595398457161.0 0.10790283980791641 0.8715745523857769 0.0205226078063065821.0 0.030276205390931586 0.9177166174591729 0.052007177149895310.0 0.939873165200932 0.04195706707512032 0.0181697677239477072.0 0.029956828335653562 0.0667625335178006 0.90328063814654590.0 0.9493027656740523 0.03485406580440032 0.0158431685215475770.0 0.9589235468855066 0.02744238091843518 0.0136340721960583250.0 0.9587746908109256 0.026616584573427925 0.0146087246156465290.0 0.9489150661426882 0.03150543457348539 0.019579499283826440.0 0.9626630845028743 0.024813684217964815 0.0125232312791609562.0 0.027620000974684127 0.05419962423427146 0.91818037479104452.0 0.031673508683445484 0.1502670144568491 0.81805947685970540.0 0.9091670239348002 0.06892665587597098 0.0219063201892288060.0 0.7147027452479033 0.23607324542353803 0.0492240093285584372.0 0.031457963512164976 0.07077061409610559 0.89777142239172940.0 0.9504298673918478 0.03400725515421079 0.0155628774539414032.0 0.03810544875540998 0.06535982675766663 0.89653472448692352.0 0.2607372692557579 0.03697848817979626 0.70228424256444580.0 0.9577119056334262 0.027549617595092276 0.0147384767714815272.0 0.04439669954933066 0.4509113953408044 0.5046919051098652.0 0.03558227863947976 0.22587468916435946 0.73854303219616070.0 0.9557739473149597 0.028183558672100206 0.0160424940129402370.0 0.7629720467200966 0.01910364788128688 0.21792430539861630.0 0.6036730614423921 0.026665894311072233 0.36966104424653570.0 0.9587971513179746 0.027325577473104972 0.013877271208920381.0 0.03992630277159845 0.8928804845903731 0.067193212638028482.0 0.0306754388198218 0.06569335212420026 0.9036312090559780.0 0.9522058526090084 0.0190235715852525 0.0287705758057390482.0 0.029793206260733316 0.059878301641001566 0.91032849209826520.0 0.9554431958807313 0.029963439287639147 0.0145933648316297052.0 0.03126477123073857 0.07589447131859635 0.89284075745066522.0 0.03125338923629704 0.06908877193911901 0.89965783882458422.0 0.030881884162718223 0.07295325400904133 0.89616486182824042.0 0.03141259337192594 0.07156982463529725 0.89701758199277671.0 0.05139350504999792 0.8650277501407805 0.083578744809221490.0 0.9581398950220206 0.027952949616445566 0.0139071553615339761.0 0.045502422405326176 0.8790207565791194 0.075476821015554422.0 0.03018151856370565 0.06855337010168264 0.90126511133461160.0 0.9605251380807853 0.025781891509395048 0.0136929704098196632.0 0.031592627132783616 0.0627712071141646 0.90563616575305170.0 0.9602234589730921 0.026942411630627078 0.0128341293962807891.0 0.031777746292217 0.9145716776340878 0.053650576073695160.0 0.9689043976348084 0.019708713308037668 0.011386889057154050.0 0.9571024010665589 0.028814914907753248 0.0140826840256879460.0 0.923069558472664 0.05658890209958746 0.0203415394277484881.0 0.04914956508149742 0.8702821672621602 0.080568267656342510.0 0.9622968245157758 0.024983722085408205 0.0127194533988159032.0 0.03631463806373514 0.0648413435037522 0.89884401843251240.0 0.9398705171785047 0.035726917492014225 0.0244025653294810750.0 0.8541081427851819 0.1165633768240133 0.029328480390804432.0 0.0450994863329122 0.06249525167823687 0.89240526198885140.0 0.9550937664056804 0.029674536187885067 0.015231697406434671.0 0.0292345699384435 0.923467244227415 0.047298185834141560.0 0.9505594983792071 0.03099410043748958 0.0184464011833034462.0 0.031355783533734735 0.07644960473103123 0.89219461173523382.0 0.02930533642772162 0.05966210630071985 0.91103255727155840.0 0.946152804965158 0.02403645061371313 0.0298107444211291560.0 0.9722319310457546 0.016918063357848564 0.0108500055963969641.0 0.054014013200821574 0.858714850066785 0.08727113673239342.0 0.062090140197626785 0.0573290653143832 0.880580794487990.0 0.9659115016345862 0.021659085535433 0.0124294128299807220.0 0.9570785950341902 0.028875745525258362 0.0140456594405514170.0 0.9603363118898903 0.026480358069788514 0.0131833300403210572.0 0.03934626718382228 0.06325036798664548 0.89740336482953220.0 0.9595869021889581 0.025751854197406235 0.014661243613635730.0 0.961627392955393 0.024466235799004084 0.0139063712456029282.0 0.031954012913812724 0.0642141043494671 0.903831882736720.0 0.9595017475918326 0.027136193230407946 0.0133620591777593572.0 0.07328803762556761 0.04535050817222884 0.88136145420220370.0 0.9627223706567067 0.024840185987657012 0.0124374433556359871.0 0.029072192817857744 0.9235974623047254 0.047330344877416991.0 0.03880876224544739 0.8942441279065795 0.06694710984797320.0 0.9484015798040527 0.025935691536038474 0.0256627286599088871.0 0.02928506730364302 0.9228243505101902 0.0478905821861666662.0 0.030598445835363607 0.056433361945167196 0.91296819221946952.0 0.03080064069161276 0.07058178249982278 0.89861757680856452.0 0.04647250226788764 0.07120919944813661 0.88231829828397610.0 0.9625378618624741 0.024907360606549255 0.0125547775309767220.0 0.9622202345447283 0.024646550661476464 0.0131332147937952022.0 0.03523151341278531 0.06118193533542835 0.90358655125178642.0 0.027076696650003954 0.047668078161401874 0.92525522518859421.0 0.029455187971756294 0.9209286769857723 0.04961613504247160.0 0.9564015233659957 0.02938204189807048 0.0142164347359337450.0 0.9587267533679193 0.027601676082999935 0.0136715705490807581.0 0.0525442533017481 0.8621951819981875 0.085260564700064680.0 0.9590786405826898 0.027523133794913945 0.013398225622396551.0 0.030447831154161557 0.915027589243925 0.0545245796019134461.0 0.029660504187725603 0.9203440049886663 0.049995490823607891.0 0.029866157476372307 0.9188219872109068 0.0513118553127208250.0 0.9615097000717268 0.025029254353395976 0.0134610455748771730.0 0.9552552648143139 0.02966626962443338 0.0150784655612528682.0 0.029783069791662304 0.06235792753125153 0.90785900267708632.0 0.037604766091058 0.25612617095794044 0.70626906295100140.0 0.953687832951076 0.032228867436360026 0.0140832996125638822.0 0.03131847403945681 0.07381530111208483 0.89486622484845832.0 0.9353981664402509 0.020900160865860728 0.043701672693888170.0 0.9515930955690107 0.03381596587665405 0.0145909385543352940.0 0.9654819555082783 0.021855553274925724 0.0126624912167960952.0 0.08254382063006814 0.03439610184494184 0.88306007752499022.0 0.030300090392474933 0.0620687829961369 0.90763112661138812.0 0.03196242486897954 0.07128953201777319 0.89674804311324752.0 0.030353277338386456 0.05517045350118881 0.91447626916042480.0 0.960688377319211 0.02561955633821879 0.0136920663425704240.0 0.9595580040435059 0.02690424245775177 0.013537753498742290.0 0.9545442800361188 0.03084026775957578 0.0146154522043055250.0 0.9493541386559209 0.03486573508289461 0.0157801262611844230.0 0.9597845038112225 0.026989837239081785 0.0132256589496956272.0 0.040382899259734706 0.0648190110865568 0.89479808965370860.0 0.9603889178509156 0.026369740697676558 0.0132413414514077721.0 0.05401303660136054 0.8587171614523526 0.087269801946286770.0 0.9553048082299467 0.030181534947104058 0.0145136568229494431.0 0.024539530759807863 0.2688915021045219 0.70656896713567032.0 0.0353887799586575 0.06919952602546345 0.89541169401587911.0 0.029446883331696955 0.9226300572146533 0.047923059453649660.0 0.9595687367372951 0.02690344389522635 0.0135278193674786552.0 0.03088281719905965 0.061994161324143524 0.90712302147679670.0 0.9607769367027131 0.02643292888604908 0.012790134411237840.0 0.8673105379165903 0.10448041424356284 0.0282090478398469152.0 0.029932097002859405 0.060746563520205625 0.90932133947693482.0 0.0720700438115467 0.07614854234776225 0.85178141384069081.0 0.03466710530762445 0.9070285649390287 0.058304329753346881.0 0.02888007584018123 0.9243034940242589 0.046816430135559730.0 0.9538735070149837 0.03132656910414992 0.0147999238808663550.0 0.9431483240465535 0.04092979503291221 0.0159218809205344050.0 0.9559835212168104 0.029752173375546757 0.0142643054076427652.0 0.03034006129710912 0.06362050275547439 0.90603943594741651.0 0.050416248710164126 0.8672563128791557 0.082327438410679831.0 0.04262443403165781 0.8859746836725604 0.071400882295781632.0 0.02996589137442264 0.05809119848319361 0.91194291014238372.0 0.030361505578145 0.0665336488207033 0.90310484560115182.0 0.030788831116881344 0.05962701846560035 0.90958415041751831.0 0.054014013201377144 0.8587148500654714 0.087271136733151342.0 0.04581206814000532 0.059698593933627815 0.89448933792636690.0 0.9671501670911796 0.0211127230165131 0.0117371098923071770.0 0.9597612880522508 0.026324685812378953 0.0139140261353702860.0 0.9709160212995873 0.0181628541506415 0.010921124549771051.0 0.02860796459625953 0.925182894560247 0.046209140843493360.0 0.9612327292084396 0.025445193404544687 0.013322077387015640.0 0.9695489721188368 0.018938587414211772 0.0115124404669513272.0 0.029938212032921394 0.06960067733693773 0.90046111063014081.0 0.030336124993445426 0.9184349322698944 0.051228942736660220.0 0.9502823939819955 0.020465529779717707 0.0292520762382868752.0 0.036638644661729516 0.06472980760936606 0.89863154772890430.0 0.960460908447305 0.025285654053422976 0.0142534374992721570.0 0.9535867605624074 0.03150506794360355 0.0149081714939890782.0 0.09304554357203541 0.027162839731282088 0.87979161669668242.0 0.03118277977533936 0.06808498642835567 0.90073223379630482.0 0.031998124633216427 0.0724132271892788 0.89558864817750470.0 0.96235537998526 0.02485903745423561 0.0127855825605043272.0 0.031635800508097243 0.06727509965206317 0.90108909983983950.0 0.9605441436475877 0.026252593071606923 0.013203263280805312.0 0.05140734786443048 0.06622947926373839 0.88236317287183070.0 0.9570093325912896 0.027571788215106804 0.0154188791936038191.0 0.03949478240870325 0.8954332979331036 0.065071919658193132.0 0.11988904741716906 0.042609974782729605 0.83750097780010110.0 0.9552678287241039 0.03023387916456917 0.0144982921113269261.0 0.05401399413967843 0.8587148951762891 0.087271110684032680.0 0.9673929832363912 0.020379893376330473 0.0122271233872780720.0 0.9653321114900513 0.02147242713036264 0.013195461379586011.0 0.047831198988302355 0.873859042432721 0.078309758578976330.0 0.9556211470263776 0.02889434522773625 0.0154845077458860892.0 0.046890476886157745 0.06283499712888024 0.8902745259849620.0 0.9577811564389002 0.028490934409511587 0.0137279091515885320.0 0.9678061329567827 0.020697704362098647 0.011496162681118690.0 0.9668049345365749 0.021447033334683965 0.0117480321287410510.0 0.952748572900939 0.03217123647880331 0.015080190620257742.0 0.03125397170826143 0.07402152363532384 0.89472450465641482.0 0.03036163284724696 0.06114398210144745 0.90849438505130561.0 0.029691699708374538 0.920165830315049 0.050142469976576810.0 0.9513528114076737 0.033527482503622065 0.015119706088704252.0 0.05702264494323056 0.06647339907206859 0.87650395598470091.0 0.02934556562792439 0.9210022485224955 0.0496521858495800742.0 0.031148580490234015 0.06149274365845995 0.90735867585130581.0 0.030185536869454355 0.9177404680854786 0.052073995045067320.0 0.9465038109508966 0.03702061068253301 0.0164755783665703060.0 0.9466499800034365 0.036994237038312755 0.0163557829582508530.0 0.9518034059191927 0.032095722436215175 0.016100871644592370.0 0.9586059180250546 0.027898467830011566 0.013495614144933920.0 0.9576043173325034 0.028636812601959712 0.0137588700655368510.0 0.9687471611750579 0.01970922186107523 0.0115436169638667152.0 0.03063865827638582 0.06190383107155009 0.9074575106520641.0 0.9569774612950138 0.02228652137110993 0.0207360173338763180.0 0.9505237166804097 0.03392669305866763 0.015549590260922622.0 0.06441150771539438 0.04921645253795068 0.88637203974665510.0 0.9567793218755505 0.02960310522304008 0.0136175729014094452.0 0.031602804389862536 0.07304957848161535 0.89534761712852222.0 0.029818204177540712 0.05190105278526352 0.91828074303719590.0 0.9705362244527348 0.01846061616844432 0.0110031593788209492.0 0.029607851580616736 0.05818016781015534 0.91221198060922782.0 0.9345483349450804 0.03599179958723546 0.029459865467684010.0 0.949300233686801 0.034646175814524886 0.016053590498674220.0 0.9480714647425629 0.03576034960160703 0.0161681856558301630.0 0.9574017364314064 0.027805669775147566 0.0147925937934462771.0 0.032854976208948505 0.9119553274651344 0.05518969632591691.0 0.028908860197420755 0.9222145842698358 0.048876555532743290.0 0.9607676324180925 0.026395543080566096 0.012836824501341471.0 0.028590937679967197 0.9231741704802836 0.048234891839749090.0 0.8876853571307429 0.03651903588103656 0.075795606988220552.0 0.03071382675065776 0.0618244198735369 0.9074617533758050.0 0.961526111725001 0.025453634730813236 0.0130202535441857682.0 0.02979245735292242 0.06163439193733283 0.90857315070974480.0 0.9574332913220304 0.027588402009085432 0.0149783066688843960.0 0.9468780275454957 0.03661820907035081 0.0165037633841534460.0 0.957382063484948 0.02865456431234343 0.0139633722027085880.0 0.8955695046894381 0.08097948256461775 0.023451012745944170.0 0.9565394987517896 0.028115017812539753 0.0153454834356708240.0 0.9591267410212109 0.027060033702997786 0.0138132252757913690.0 0.96400053838985 0.023004076170973855 0.0129953854391759921.0 0.03027906901726128 0.9185719899340168 0.051148941048722011.0 0.045937436261988346 0.8779737352086621 0.076088828529349552.0 0.0319054346092142 0.06948723680902658 0.89860732858175910.0 0.9540787328037189 0.031525345050841605 0.014395922145439592.0 0.030678802607445578 0.06809955858472663 0.90122163880782760.0 0.9609490311240244 0.02551789633032098 0.0135330725456546280.0 0.9496941504381523 0.03455823536655442 0.01574761419529321.0 0.033262108344268015 0.9108393680840211 0.055898523571711010.0 0.9530390515097312 0.03192708242437814 0.0150338660658907221.0 0.02782090367682324 0.9260079502191715 0.046171146104005110.0 0.9486962744944675 0.03519030849169162 0.0161134170138410550.0 0.947661153054584 0.03616533273074419 0.0161735142146718360.0 0.9603319649219685 0.025459289126618097 0.0142087459514134010.0 0.9470876569683231 0.03652389941967874 0.016388443611998111.0 0.04518776584131391 0.02314021094756665 0.93167202321111961.0 0.029666338775557247 0.9218906789434089 0.048442982281033751.0 0.043293982782452896 0.884387749690157 0.072318267527390072.0 0.03105449807403482 0.06371710324388921 0.90522839868207581.0 0.029695108218484312 0.9202422581526136 0.050062633628901832.0 0.031023370705445065 0.06411885972203481 0.904857769572522.0 0.031309097142861265 0.07140004643742666 0.89729085641971220.0 0.940954085537357 0.03825363504877317 0.0207922794138696132.0 0.03115376292378798 0.075883634802835 0.8929626022733770.0 0.9625191629563788 0.024555920484093965 0.0129249165595270552.0 0.030299916281765954 0.05751732607975703 0.91218275763847711.0 0.030382424721223343 0.9182498334103977 0.051367741868378880.0 0.795915977828003 0.1640651296596073 0.0400188925123894651.0 0.028813888834186153 0.9243910658561892 0.046795045309624560.0 0.9614921684601545 0.025353699413586773 0.0131541321262585480.0 0.9561608053976093 0.0296554405844207 0.014183754017970041.0 0.02741236786975743 0.9273321121800445 0.0452555199501979142.0 0.031158579395762404 0.07391033638281974 0.89493108422141790.0 0.9456795491099311 0.03213976978246504 0.0221806811076039472.0 0.06059137021443569 0.04761046867131062 0.89179816111425380.0 0.9599588848470755 0.026299074504495385 0.0137420406484290141.0 0.03411526071484122 0.9033601915673755 0.062524547717783120.0 0.9703462160276755 0.018474373826371286 0.0111794101459531360.0 0.960733332748068 0.026177498822671542 0.0130891684292603460.0 0.9596443609576936 0.02622733738719218 0.0141283016551140722.0 0.029788927849755256 0.05954941927599081 0.91066165287425360.0 0.9689026653044693 0.019716539998460125 0.011380794697070512.0 0.029055870979547677 0.06377368431541307 0.9071704447050390.0 0.9702704180639595 0.018677364269012946 0.011052217667027540.0 0.7664446191272744 0.1899746006615481 0.043580780211177611.0 0.03051730722590434 0.91794332029747 0.0515393724766256760.0 0.9658769172886884 0.022202529789683026 0.0119205529216285440.0 0.9606433224662149 0.025091812627667902 0.0142648649061172230.0 0.9587714652993596 0.027412221418776247 0.0138163132818642460.0 0.9541226200002682 0.031204464028236966 0.0146729159714950610.0 0.9675770588328966 0.02064905250523653 0.0117738886618667050.0 0.9618540031432006 0.024979384683423655 0.0131666121733756120.0 0.9526869611658003 0.03203676585560086 0.0152762729785988271.0 0.04055076568895406 0.8910153976340905 0.068433836676955530.0 0.9579952581372856 0.02781033376164139 0.0141944081010729072.0 0.032253841845848986 0.08029067371894219 0.88745548443520862.0 0.03163277200530046 0.07549273569189835 0.89287449230280120.0 0.9587711879427426 0.027516117284871213 0.0137126947723863782.0 0.059226742140065285 0.032885074670457065 0.90788818318947762.0 0.030192055415651356 0.06501066036985936 0.90479728421448950.0 0.9459484138709822 0.023457093871439825 0.0305944922575781542.0 0.030857486676522827 0.06021137062694952 0.90893114269652792.0 0.031209266001379504 0.06287601023155942 0.9059147237670612.0 0.03004444481539744 0.06596925661543059 0.90398629856917222.0 0.0303932142423271 0.0633807026350851 0.90622608312258760.0 0.9500580148500765 0.03431975851956747 0.0156222266303560461.0 0.04738428450728453 0.8751476787194321 0.077468036773283150.0 0.9627753040731329 0.024789449836636307 0.012435246090230910.0 0.9539798449250081 0.03074801022909128 0.0152721448459006150.0 0.9607850081771315 0.02503879382827687 0.014176197994591490.0 0.9595779028603547 0.026768537885684507 0.0136535592539607130.0 0.9571671785458993 0.028794476632311303 0.0140383448217894520.0 0.9022656118856749 0.07306665681915651 0.0246677312951687422.0 0.031853924857109375 0.06511605453966217 0.90303002060322862.0 0.030765735720760266 0.0723650963182452 0.89686916796099470.0 0.9614750177596164 0.02474392234540168 0.0137810598949819011.0 0.03003586333635402 0.9143027674332997 0.055661369230345910.0 0.9609846695100418 0.02566998283161 0.0133453476583482360.0 0.951928761539531 0.03284518400532911 0.0152260544551400430.0 0.9475034431491018 0.036273982199153815 0.016222574651744561.0 0.02949703725678091 0.922783242127689 0.04771972061553010.0 0.9540941093937586 0.031124343824609945 0.014781546781631491.0 0.9716029533395564 0.0176469140482037 0.0107501326122398010.0 0.7320097730181667 0.017531157101084865 0.25045906988074841.0 0.05400586036001249 0.8587341272075858 0.087260012432401632.0 0.03146472382825339 0.06782512904623839 0.90071014712550822.0 0.031196938847268842 0.07585290292176457 0.89295015823096641.0 0.03753627753897887 0.8990419860499531 0.063421736411067992.0 0.05918530081369196 0.05226053254046225 0.88855416664584610.0 0.9696338958934778 0.019186120342153175 0.011179983764368910.0 0.9656329037729986 0.021315661486013254 0.0130514347409879442.0 0.0657918611510557 0.07879004735584623 0.85541809149309822.0 0.02999669874718665 0.059364194378913875 0.91063910687389951.0 0.02932782112297931 0.9209729794257778 0.0496991994512426950.0 0.9456681115212082 0.03753141316041326 0.0168004753183785340.0 0.9613276604490957 0.024968326721948732 0.013704012828955711.0 0.012890135695378217 0.9574474053518189 0.0296624589528028050.0 0.9680787492725452 0.020332437399368433 0.011588813328086322.0 0.25013601446619876 0.04984755136383968 0.70001643416996150.0 0.9496279138459769 0.03466393228136326 0.015708153872661.0 0.0351937236